  0.9634910      0.1893213      0.1893213      8.9303151E-02
  0.8397599      0.1893213      0.5088818      7.2529152E-02
  0.8397599      0.5088817      0.1893215      7.2529152E-02
  0.6943189      0.1893213      0.6943189      4.5043766E-02
  0.6943189      0.5088817      0.5088817      5.3928114E-02
  0.6943189      0.6943189      0.1893212      4.5043766E-02
  0.5088817      0.1893213      0.8397600      7.2529152E-02
  0.5088817      0.5088817      0.6943189      5.3928114E-02
  0.5088817      0.6943189      0.5088818      5.3928114E-02
  0.5088817      0.8397599      0.1893216      7.2529152E-02
  0.1893213      0.1893213      0.9634910      8.9303151E-02
  0.1893213      0.5088817      0.8397600      7.2529152E-02
  0.1893213      0.6943189      0.6943189      4.5043766E-02
  0.1893213      0.8397599      0.5088818      7.2529152E-02
  0.1893213      0.9634910      0.1893214      8.9303151E-02