  0.9716377      0.1672127      0.1672126      7.0762590E-02
  0.8722705      0.1672127      0.4595477      5.5881102E-02
  0.8722705      0.4595476      0.1672128      5.5881102E-02
  0.7600210      0.1672127      0.6280191      3.7337672E-02
  0.7600210      0.4595476      0.4595476      5.0281901E-02
  0.7600210      0.6280191      0.1672126      3.7337672E-02
  0.6280191      0.1672127      0.7600210      3.7337672E-02
  0.6280191      0.4595476      0.6280191      2.5851293E-02
  0.6280191      0.6280191      0.4595476      2.5851293E-02
  0.6280191      0.7600210      0.1672126      3.7337672E-02
  0.4595476      0.1672127      0.8722705      5.5881102E-02
  0.4595476      0.4595476      0.7600210      5.0281901E-02
  0.4595476      0.6280191      0.6280191      2.5851293E-02
  0.4595476      0.7600210      0.4595476      5.0281901E-02
  0.4595476      0.8722705      0.1672128      5.5881102E-02
  0.1672127      0.1672127      0.9716377      7.0762590E-02
  0.1672127      0.4595476      0.8722705      5.5881102E-02
  0.1672127      0.6280191      0.7600210      3.7337672E-02
  0.1672127      0.7600210      0.6280191      3.7337672E-02
  0.1672127      0.8722705      0.4595477      5.5881102E-02
  0.1672127      0.9716377      0.1672126      7.0762590E-02